image,ALB,BET,DOL,LAG,NoF,OTHER,SHARK,YFT
img_00005.jpg,0.026730151742952686,0.00021281574087749226,0.0005293927444478698,0.000614126407909431,0.963569102142815,0.0031614213418811607,0.0018745808051380502,0.003308409073978372
img_00007.jpg,0.23789476085550154,0.01375645458198927,0.03516383072232393,0.006680775639564107,0.21652009807746528,0.020441770415092764,0.0004634676038198195,0.4690788421042433
img_00009.jpg,0.36974383436694447,0.10196337454196076,0.008153524874678238,0.006349853081083346,0.16208902230859387,0.3036684148758877,0.022005656550836097,0.026026319400015537
img_00018.jpg,0.44986290804579027,0.2634109779271634,0.04450435099910389,0.002128925446151117,0.09727206211401598,0.06203839490965786,0.002180534959077536,0.07860184559904
img_00027.jpg,0.35316502151852025,0.05044041596726492,0.0049115060089633625,0.002481564926575682,0.019930891189999654,0.2855563404801096,0.020681661451168794,0.26283259845739776
img_00030.jpg,0.03946936522753553,0.0020661900019454324,0.0014560941729817934,0.07031792486705009,0.8433693311061099,0.03899166260479137,0.003100480961304552,0.0012289510582813696
img_00040.jpg,0.019550577435078986,0.020550749425024557,0.0002667772827722565,0.0010145084358673007,0.09363485050022048,0.012398379946717473,0.00780525379620509,0.8447789031781139
img_00046.jpg,0.005500334357447332,0.0004371560855744059,0.0018229489012914055,0.0016763479904208219,0.9892098057384006,0.00047252016832094267,0.0001503943389038767,0.0007304924196406655
img_00053.jpg,0.35375112468977427,0.2830754775224299,0.0038484404819299086,0.006836086531997713,0.03220702500977864,0.053166996330655955,0.001962498013867643,0.26515235141956595
img_00071.jpg,0.02933267596747199,0.051751834212873334,0.005263185683513771,0.6466429823843269,0.002311867367528389,0.25462202336243156,0.006267809808804282,0.0038076212130497065
img_00075.jpg,0.5827156043080413,0.02056892753304008,0.0011798371708458503,0.003660500180501788,0.23660930896795115,0.10317296297277569,0.022516142240866746,0.029576716625977433
img_00102.jpg,0.037156269833846345,0.035479887775471515,0.0017660531232398025,0.0024672990747148338,0.15031572092348716,0.003372773138095557,0.19359710250617357,0.5758448936249713
img_00103.jpg,0.3907087552885192,0.023292701058567643,0.013876544344563195,0.009850115086629944,0.15784402904729672,0.32391754090754477,0.029664990891062566,0.050845323375815946
img_00109.jpg,0.4928742200429931,0.008961026660845606,0.005438065666909628,0.0019616757749499796,0.22715105738418476,0.0025442801742023603,0.00498554269499367,0.2560841316009209
img_00119.jpg,0.13338669187999955,0.003680232268588723,0.0010832013338031598,0.0001447444015901404,0.8216998699638376,0.00033913847507368943,0.0001323194852686741,0.03953380219183845
img_00120.jpg,0.0010133556471232325,0.008305978712532584,0.00022188924408094699,3.089990093797383e-05,0.0015867533221733514,0.00017556616628030657,2.7637110846431175e-05,0.9886379198960251
img_00125.jpg,0.35932270028720786,0.01588839801193071,0.003584080024890881,0.0006143858915928752,0.23894211686861208,0.28651718269938486,0.0009388795434621355,0.09419225667291861
img_00128.jpg,0.019498968884404805,0.020766056070119967,0.2728334091788752,0.001591077483745103,0.12065704495474934,0.04839126513854442,0.0005133999762416088,0.5157487783133196
img_00129.jpg,0.0691205975894377,0.0329781949071859,0.005628461571942432,0.002815336724324299,0.054744817850166765,0.6426969043566716,0.03863655235847026,0.15337913464180103
img_00133.jpg,0.5401484603174734,0.023119744014261506,0.016953409169064668,0.0029573447232838575,0.3133256445105643,0.05353134373918272,0.0016488719331412386,0.04831518159302821
img_00138.jpg,0.4534887631197548,0.4324930677149529,0.0031034371082088582,0.00030939139261914385,0.02247942656643904,0.020306534613619923,0.0038202495049673873,0.06399912997943802
img_00141.jpg,0.009401391768108239,0.017375719292914822,0.021334551239775814,0.0011593347014015618,0.005544477119475903,0.0023937182355678074,0.004319269365146956,0.9384715382776089
img_00152.jpg,0.02754281069550972,0.0007521558703038133,0.0003043122401979307,0.0013706686938273838,0.21063590791767553,0.021681294265354367,0.7227929093549054,0.014919940962225854
img_00161.jpg,0.0019436876958056118,0.016988496408121872,0.005826614713561281,0.0012731762184508802,0.000463999660995189,0.001824226288377099,0.014515581423538383,0.9571642175911497
img_00164.jpg,0.023735434345967758,0.015572068064327475,0.11688995309497303,0.003739586510769639,0.6550758775192499,0.006491285565947182,0.0060287508460381625,0.17246704405272686
img_00170.jpg,0.02033182535111395,0.1257730153665119,0.2955690954825344,0.12441546180952177,0.0348135045661267,0.17608834257979875,0.09296965295874755,0.13003910188564502
img_00171.jpg,0.11993370508096474,0.021146874806088903,0.002911571972296233,0.0013092725726443538,0.6789050459471401,0.11604632530019672,0.0007566506502052691,0.05899055367046376
img_00172.jpg,0.00035972634986566535,1.4364876979734324e-05,0.00029310045559670546,6.574819528614768e-05,0.9987094899478373,0.00036155768871294955,6.643809592667397e-06,0.00018936867612884454
img_00175.jpg,0.10253528277866994,0.01855678584692648,0.003093498217952468,0.0005199512840231447,0.007238555177101329,0.21505679991035562,0.006231700077292842,0.6467674267076782
img_00180.jpg,0.08593004358295395,0.030115200054684425,0.001320777215894069,0.00129595296334739,0.5084054899873671,0.014122727927606762,0.037080073617771714,0.32172973465037463
img_00196.jpg,0.01160307675269376,0.0002114285116968073,0.0003769731823656762,0.00011187125737560095,0.9865113101195562,0.00039245356941577627,0.00034548334681331217,0.00044740326008288267
img_00212.jpg,0.0009734795646075509,0.0038648482704961747,0.0006144607230243366,5.828248112448617e-05,0.00013287352447043828,3.0253509231411037e-06,0.0006715437286507133,0.9936814863567032
img_00223.jpg,0.051880609885112866,0.002801167178355639,0.20461127911349003,0.0033448852462396564,0.5553169069879824,0.08192659492902579,0.012761623843702753,0.08735693281609083
img_00230.jpg,0.5409282568006946,0.3583482219053316,0.005387092868510235,0.001036416123070707,0.01780908797925637,0.02729347630514484,0.001267383808957203,0.04793006420903444
img_00232.jpg,0.03496137214512831,0.01759966283647291,0.0245278585136316,0.04722788053564545,0.050673744886151034,0.04790582384258603,0.7629191064334084,0.014184550806976216
img_00244.jpg,0.2152385090212501,0.006407669012805487,0.026042393691262336,0.0361117633616696,0.24226040662590462,0.28626732064706667,0.1641327539104285,0.023539183729612653
img_00272.jpg,0.5456997735939516,0.1767825493098821,0.002988346388292609,0.005768007453411291,0.008226900281274709,0.060707807582216756,0.0026090629014790044,0.1972175524894919
img_00280.jpg,0.047629181818373,0.01296065854303223,0.01735253138917059,0.0006415916032330023,0.7238716882700936,0.0007268987350107087,0.0002141881514646443,0.1966032614896222
img_00282.jpg,0.06738246292240478,0.00615340459029388,0.004773408925450869,0.0002726743134391792,0.23579765529832994,0.572599013868343,0.0005069159509955925,0.1125144641307427
img_00285.jpg,0.13401739619923067,0.030705237344287612,0.0051313680842618985,0.0010311774141027678,0.29260880602173334,0.13601148879711794,0.0013873007297822244,0.39910722540948357
img_00289.jpg,0.09325541747727434,0.004852618882102318,0.001615504451401494,0.0004291021314314386,0.8346806380785952,0.00026528276424955837,0.00019694276144140794,0.06470449345350426
img_00292.jpg,0.15487849086087416,0.09007693101935939,0.004640118867508409,0.0011113300377651515,0.18906501107647095,0.07865329324191493,0.005406081746832772,0.47616874314927427
img_00302.jpg,0.02131989177602339,0.017771133786792345,0.00018766277163655064,0.00044745308693606284,0.04218237208533674,0.007080478220537266,0.012468725374394722,0.8985422828983429
img_00311.jpg,0.8973788563180389,0.08439291836124613,0.0005542205856042858,0.0019041774785314599,0.00474351806607342,0.0005696318903183386,0.00014690418909145094,0.010309773111095938
img_00320.jpg,0.8670186139682754,0.01886069670978048,0.0003680559635067119,0.000877098096713917,0.1098687055120559,0.00023068418702788414,0.00021404499033870456,0.002562100572300972
img_00331.jpg,0.3691278706887903,0.034351163181425275,0.024152876388258245,0.0021794030069349274,0.20543189562213202,0.16279751619800045,0.03040711314976245,0.1715521617646963
img_00358.jpg,0.029703916138345852,0.11369001203876292,0.008146499605574627,0.0033359809793072014,0.1828088790544999,0.0064005149050017,0.0030132241294914845,0.6529009731490163
img_00374.jpg,0.3161357175946893,0.1420698517523727,0.0004927423825725319,0.0001938281123669552,0.004378763742150724,0.010719972303582428,0.0013852425316659756,0.5246238815805994
img_00375.jpg,0.47612124212186335,0.23467420409928696,0.008421312309463856,0.0008899030226943512,0.012038134295925762,0.22793643486609957,0.031877346264977645,0.008041423019688495
img_00376.jpg,0.05846924635714582,0.05658675677288959,0.00023079106126810763,0.0008188193520814839,0.2327782151401901,0.11010553801082919,0.0029583733115498717,0.5380522599940458
img_00380.jpg,0.29360487248419614,0.018596010010597592,0.0019799416408521377,0.004449842251671249,0.20342057331665492,0.35705987022719426,0.004198634668384158,0.11669025540044957
img_00383.jpg,0.9198560202112334,0.02726304659625497,4.047584425897505e-05,0.0001617274312674551,0.0483564409031557,0.0002748000934300797,4.000893503159903e-05,0.004007479985367858
img_00398.jpg,0.5073416095626659,0.0674960407658767,0.007617205785356018,0.16679001493855772,0.10763539249688625,0.09285853866620927,0.016075247106565552,0.03418595067788251
img_00407.jpg,0.20826772524036966,0.12667163678730758,0.0022078296948236046,0.00026875888590498193,0.005071884876317453,0.01533039744080635,0.001049051781807706,0.6411327152926627
img_00417.jpg,0.0002484666387920907,0.0018884619112971427,4.604906286070885e-05,2.069212155527854e-06,1.606229320658129e-05,3.1568974184055707e-07,0.00015881431498005017,0.997639760876966
img_00432.jpg,0.09684636054338205,0.003963074422562975,0.0006508655824460083,0.00015973249252993537,0.5623517792681361,0.32441071998727833,0.0015671315219236788,0.010050336181740976
img_00442.jpg,0.008862588950763523,0.04215612644817685,0.00025900050857730647,0.0001869415593269975,0.0016469102148559856,0.00042995641182919797,0.04088391422537148,0.9055745616810986
img_00446.jpg,0.4319219184205414,0.07043352910897929,0.013871358932476138,0.00760831231382025,0.012091999776705399,0.2913646727397559,0.022167568350681333,0.15054064035704026
img_00469.jpg,0.3786824588421117,0.005328835188541122,0.01550382397035204,0.013422262247677879,0.015489126448453187,0.13200661057725613,0.007049828772325098,0.4325170539532829
img_00473.jpg,0.2844167247131996,0.016561662709711326,0.004328006158931668,0.005583692114524544,0.24469341701435143,0.02503007677174666,0.0018416009030480097,0.41754481961448675
img_00483.jpg,0.5400914035890293,0.24534678084146624,6.694418243592322e-05,0.00016298764619987634,0.178106339080293,0.0020289133075901615,0.0003804353816290655,0.03381619597135645
img_00484.jpg,0.3899175010261075,0.3990625444728866,0.008006110106190309,0.03364387212469226,0.0017357255013256544,0.021802770294134362,0.0246556310959237,0.12117584537873961
img_00486.jpg,0.3334808539097842,0.2635376738253477,0.10801740609765076,0.04547519095784616,0.13412653999061241,0.032875141858202686,0.017985478238986233,0.06450171512156982
img_00487.jpg,0.0032846196241133256,0.004195272059387869,0.0007541278004862943,4.796838875087135e-05,0.02682510350594549,0.004934587468777363,0.00011992884216144401,0.9598383923103774
img_00493.jpg,0.04904855840708235,0.002249290947255364,0.0024395447881934997,0.009784556641721297,0.8894105640466988,0.04101638914895914,0.003186154678825117,0.002864941341264389
img_00518.jpg,0.31708599938246873,0.07501402939690445,0.005327478014264017,0.0038145103069785976,0.24920680115627702,0.011170231265128068,0.14017314300917033,0.1982078074688088
img_00533.jpg,0.22784799898885072,0.12244521693651317,0.0031564004815269383,0.003797427549032084,0.023501143125368613,0.12382476360876428,0.009178057781945548,0.48624899152799866
img_00538.jpg,0.12219260037442718,0.2038526858892325,0.1142997052827806,0.03882967350821587,0.037616958960342665,0.011886495790746758,0.011693110623980502,0.45962876957027393
img_00543.jpg,0.8200323760774241,0.1593619788223793,0.0008348245935493254,0.0031603948756879206,0.0033806015211117523,0.0002851729590776911,0.00033221799005128455,0.012612433160718677
img_00550.jpg,0.08633481690599415,0.17796249106750736,0.09374493861840352,0.01021258703857516,0.2861701916072004,0.21977550771387175,0.04522569103707125,0.08057377601137637
img_00551.jpg,0.11023777468392829,0.14394499809033698,0.004434332087428782,0.002966926123658026,0.2092019787877862,0.03530970696517919,0.07248151587285859,0.42142276738882395
img_00564.jpg,0.003625897091913902,0.0006479730951927492,0.0020370713331643074,0.0008810440373899301,0.9918001722639478,0.00017980667454864705,9.009645155287423e-05,0.0007379390522898227
img_00575.jpg,0.1174627191152208,0.029283090852644172,0.0045360679311451995,0.0011222560232978553,0.01601228283325464,0.30038047288456915,0.0003949589561330633,0.5308081514037352
img_00582.jpg,0.6069730351053061,0.0176885489520497,0.002765556131837363,0.002369821698939263,0.32399617266187647,0.029101911647165073,0.0008710574380953381,0.016233896364730722
img_00584.jpg,0.3900953913765599,0.0011072568612118885,0.00012211948397981408,0.00017477060546549185,0.4615695571455508,0.006741048401303084,0.0017860245066140278,0.13840383161931494
img_00587.jpg,0.025392320147811925,0.03237733812430948,0.004241589742133673,0.00370951132148849,0.002160542215097587,0.0038275964118567166,0.018115506365155347,0.9101755956721468
img_00590.jpg,0.04339895285994088,0.03236550848913572,4.043577246324246e-05,0.00021210582211833503,0.2995478752928859,0.018133998096297704,0.00016857601275666238,0.6061325476544016
img_00591.jpg,0.02474392275567299,0.02549947091094134,0.0005966795361365949,0.0008851437158979337,0.000989498655827626,0.013945158792772859,0.0016728724376167225,0.9316672531951339
img_00598.jpg,0.38091502036350794,0.09900638140762144,0.00770413990942517,0.009458266187816575,0.2118210496976858,0.059022922350575255,0.009209521531289887,0.22286269855207794
img_00599.jpg,0.06547545021616843,0.004722382328306838,0.0004239041748255202,0.0007493548879758359,0.6217821285844946,0.07010849780124916,0.0062312231656093,0.23050705884137038
img_00612.jpg,0.0766629347566886,0.015248155445935748,0.005454114874755064,0.0004382324438673557,0.5250855256367589,0.2482979051221599,0.0005239524139355518,0.1282891793058989
img_00618.jpg,0.20272235659206989,0.006734002434855907,0.05007718140982066,0.010608208601103104,0.6658658928560369,0.024791124449755054,0.004632335512067091,0.03456889814429135
img_00620.jpg,0.2741936754367581,0.10296924507595431,0.015517321994748619,0.0026139148279952754,0.5376985327546522,0.02118755938889982,0.005480350819990018,0.0403393997010017
img_00642.jpg,0.0822506448677263,0.05959265887294204,0.013813271301802295,0.5414999726268637,0.028271853010297103,0.2615807939218867,0.0044914111574602825,0.00849939424102165
img_00646.jpg,0.02128262958411436,0.001666905755215086,0.0008093928855796099,0.00027890560193849034,0.1289830922632423,0.0011003770735995826,0.011066471734646475,0.8348122251016641
img_00648.jpg,0.8798111804813614,0.105053679564284,0.00041584415826739654,0.0012577715400707713,0.001961257903826751,0.00026545331498958473,0.00011723256346633421,0.011117580473733754
img_00650.jpg,0.1515756500974662,0.05189064151453198,0.0032434921284285713,0.0008363836282195356,0.17110983501979546,0.5220096433709253,0.0012054971174411979,0.09812885712319183
img_00654.jpg,0.2413026100697708,0.08451488760693249,0.003007758738706622,0.0059257113500635885,0.21425594092834988,0.012752898472034096,0.01596152773341621,0.4222786651007263
img_00664.jpg,0.6259512723751803,0.2935398078544897,0.0002269596725597429,0.0008748484784148807,0.03918490043262534,0.004126269936417902,0.0009088436445803292,0.035187097605731826
img_00667.jpg,0.004468303125331283,1.853702074879296e-05,3.889292767905856e-05,9.324882161052428e-05,0.989170862930196,0.004375877087732518,0.0016684219229211577,0.00016585616378065533
img_00676.jpg,0.12363450212377529,0.00791691865264076,0.00031597759926885936,0.0001636623890729117,0.8532416485549286,0.0003261002329487746,3.4804284950556946e-05,0.014366386162414296
img_00697.jpg,0.000762291069489844,0.002686762255173917,0.0003512006687164181,5.025741662736941e-05,0.10659698313534438,0.0006000577785126401,4.636749677609865e-05,0.8889060801793593
img_00708.jpg,0.3315270621219656,0.15325988847841826,0.00017007349154791784,0.0021903237955907227,0.1848118842533769,0.1297093198346809,0.0070987327542613695,0.1912327152701583
img_00716.jpg,0.1785509879769466,0.101207230932538,0.0019501884467429565,0.0017031671096821449,0.1482460568649181,0.1703304241088143,0.036357781093165634,0.36165416346719226
img_00717.jpg,0.3946901553417654,0.4512478215447408,0.0008761512963724744,0.0008548105720103181,0.0017956009029448693,0.1308607507232807,0.001980313292970673,0.017694396325914744
img_00718.jpg,0.09268041348152317,0.06226779276332678,0.012202421549915271,0.12770826431040253,0.0156650958858242,0.1661402273286101,0.40631917986311206,0.11701660481728587
img_00723.jpg,0.2624016610097105,0.15176475121542396,0.0007760057503956342,0.006680012589519413,0.33771298951245166,0.011021535600573621,0.007579218426430837,0.22206382589549434
img_00724.jpg,0.20251485346536802,0.07235117190003319,0.027575538442194424,0.032519527870738744,0.04401308725907681,0.035097108170817896,0.4101894646409151,0.17573924825085582
img_00726.jpg,0.6413447414434928,0.1671721659578801,0.00019160824250401824,0.0023455244127725504,0.10028788912098413,0.055516003090834924,0.0049871852483813406,0.028154882483150057
img_00729.jpg,0.0008486763606485464,3.184029463879497e-05,0.0001251024904102532,0.00041487259388792006,0.9981927970304166,0.00014187819610297873,0.00021692551697731672,2.7907516917607374e-05
img_00730.jpg,0.020580442088254387,0.024911973845133616,0.00025765045600033195,8.870079718417952e-05,0.004986998545611368,0.03219708638476167,8.200622679822561e-05,0.9168951416562562
img_00757.jpg,0.5032389747301547,0.14360066183887482,0.0022567933917041973,0.0007353165207743174,0.024044328329895674,0.03734834763331594,0.0033420410698746864,0.28543353648540576
img_00760.jpg,0.0035181098593528256,0.0029963505341004584,0.0024901329540972885,0.9769372813792809,0.0015126352109624073,0.003629506391055394,0.0060734996113005315,0.002842484059850117
img_00763.jpg,0.0003121024443320113,6.398302208794294e-06,6.870864605867954e-07,0.00013793892010491776,0.9991847829024658,0.00023569321473520578,0.0001214504047445354,9.467249481085467e-07
img_00764.jpg,0.014308494223301164,0.04449178823435291,0.16562840453441294,0.00428571263064095,0.006937472889111752,0.05806275362682483,0.0035775022279835723,0.7027078716333719
img_00765.jpg,0.07511742227038498,0.4428818218294342,0.03167496177845861,0.06079496949683443,0.05397207847689918,0.2545260126613287,0.0017351261152879823,0.07929760737137191
img_00772.jpg,0.024624765488109275,0.021029527717454293,0.5644829578502829,0.0006529780091460946,0.14705999247132479,0.03958650091459301,0.00155310643890584,0.20101017111018377
img_00773.jpg,0.18446980462731372,0.07929749093100011,0.02028974012491894,0.002282539782020638,0.47892338268671786,0.08974780169291788,0.00264067749763637,0.14234856265747453
img_00777.jpg,0.07353669580475866,0.08649972174561728,0.04418552736169888,0.024778765184452708,0.25094440888770936,0.07721412666150544,0.43963510396376,0.003205650390497653
img_00780.jpg,0.02761011771793333,0.0012848437062151466,0.0004200009991287429,0.0006527219343623553,0.1279482773531502,0.022883141161197804,0.03314076071654165,0.7860601364114708
img_00798.jpg,0.44582288925391905,0.01152724617769556,0.05055237496029863,0.18293843756534764,0.13886506743949922,0.07932436754220464,0.005857853194656908,0.08511176386637835
img_00808.jpg,0.6211592713727299,0.23245174461544746,0.003135072404966224,0.000721136603653753,0.0018827194083307812,0.02278787037722624,0.0013940891483620696,0.1164680960692836
img_00816.jpg,0.00640332479622579,0.0006232132855778743,9.103644730290603e-05,1.594000811196165e-05,0.9843684937016371,0.007463257733804833,1.1274653559398204e-05,0.0010234593737800566
img_00828.jpg,0.10274494530037694,0.02726950039969006,0.00047807821174333223,0.0002009789461404698,0.5754952584417721,0.010052289530376192,0.0003812598341869582,0.28337768933571394
img_00833.jpg,0.2732474188592815,0.11874610663992538,0.0005215249400134481,0.005583555484298728,0.2943069592824933,0.1321132936248373,0.009298563004173374,0.16618257816497697
img_00837.jpg,0.3521860013146898,0.03912089749105029,0.001543645972907963,0.009271757143586135,0.026265976775267742,0.523963557315538,0.007481508005573058,0.04016665598138702
img_00855.jpg,0.1260798979710025,0.053824911338648265,0.0036846465768274115,0.10151074626243917,0.043383259401847674,0.5926015265620121,0.03766865335924552,0.041246358527977305
img_00857.jpg,0.8042471803682832,0.03505795820998174,0.002487418739805492,0.0013229527581256014,0.14255398518258394,0.009616825472465073,0.00018672664940332873,0.0045269526193515396
img_00858.jpg,0.5668619790973959,0.28628905871225446,0.0036444351823150286,0.004468795589954238,0.0488824249109422,0.04721866139479374,0.004258231528053179,0.03837641358429128
img_00865.jpg,0.1277671080106589,0.8177428646812719,0.0023366732031416,0.0009977637621046724,0.0047516070759795965,0.008119278670263753,0.005963075173840072,0.032321629422739494
img_00876.jpg,0.2128275863606055,0.07995700665257567,0.0014589865498191047,0.0003216097748765884,0.6671169336114422,0.0016672457399757484,0.00013929170640974143,0.036511339604295444
img_00889.jpg,0.024886228997644977,0.018367462411494756,0.4164500001100868,0.0031326517285291187,0.11455751583175856,0.030515817825338375,0.007285576464384983,0.3848047466307624
img_00894.jpg,0.036839003347544225,0.006349610198762698,0.013374877333271805,0.0007998080873149317,0.7468173228809716,0.01832705380380787,9.745147714403737e-05,0.17739487287118286
img_00902.jpg,0.025874338176364597,0.00987500262818525,0.008469966768367834,0.014069309384999677,0.10613559479193109,0.06766862663554711,0.7644527644748746,0.003454397139729818
img_00914.jpg,0.007319011799814347,0.021971574287971148,0.18863703328618606,0.002691312907865754,0.007946682267225027,0.020502721183141125,0.004179538870889334,0.7467521253969072
img_00921.jpg,0.050144281447732024,0.008896918418641356,0.00035992682791649973,0.0005620333432568793,0.7563341326861128,0.02830641922999277,0.0006454247650374739,0.15475086328131019
img_00927.jpg,0.04930141958675101,0.024553978812670785,0.0007174295702921777,0.0008933302749101578,0.19094096021881454,0.005014916690319669,0.00027247830232015056,0.7283054865439215
img_00943.jpg,0.24669577701566028,0.40329725641687597,1.2430761934690569e-05,5.942652425641203e-05,0.3345738980412882,0.008232610416579703,0.0004152852207179599,0.006713315602686828
img_00948.jpg,0.15928105401157808,0.02364595734707807,0.00212303845022445,0.0005960775078560009,0.7276082669817745,0.0031743212805979528,0.00010477988428285172,0.08346650453660809
img_00950.jpg,0.03570464322910119,0.00035803817142625213,5.642937275646697e-05,0.00019811607786943925,0.948865123098889,0.001845396489233822,0.00047380735354814754,0.012498446207175608
img_00959.jpg,0.0951776031898142,0.0018802041867776623,0.0016676089426188037,0.004677518661626714,0.8526910988373707,0.007732406802750366,0.010987350638559882,0.025186208740481643
img_00962.jpg,0.030726791211671482,0.20267427641428049,0.02255377889913729,0.0032254849779539663,0.6039314646698005,0.07508318711469282,0.0005151821158889938,0.061289834596574444
img_00964.jpg,0.00022098180171341536,0.0011309778050470455,0.7148944748439326,0.0005585155745740989,0.2823880869185483,6.214828105940322e-05,0.0006744473841369716,7.036739098818416e-05
img_00966.jpg,0.042727886716024295,0.0010485440144752428,2.250455931954751e-05,0.0003131691010083147,0.9288506994965622,0.0022154015573844455,0.010916374663175644,0.013905419892050293
img_00974.jpg,0.4906969858161868,0.06519236256459243,0.013590737250960914,0.0066291518002658265,0.16679816310996157,0.0629118234469087,0.00480244937151623,0.18937832663960752
img_00979.jpg,0.00323312816705343,0.031133875702279133,0.027869110730768795,0.0015872383818118776,0.05727721274542574,0.1688266058014341,0.002207730866402774,0.7078650976048242
img_00982.jpg,0.6307587948470754,0.2436171853659473,0.0007727301383314677,0.00019820989563345138,0.0033973324775386756,0.0028813047788907218,0.00020491389976454383,0.11816952859681844
img_00985.jpg,0.43132517585668,0.10484122443023322,0.001901999909870702,0.0009306751536668657,0.15337151022235074,0.057675823001827387,0.0007806252746296456,0.24917296615074144
img_00999.jpg,0.09534322767168585,0.04177337986430664,0.0033185447617305346,0.001708709555654974,0.5736880519087912,0.02133672044209,0.0107163516649106,0.2521150141308302
img_01022.jpg,0.5721847354927373,0.08602119408306752,0.018393530284837322,0.016605719022930305,0.069072360964266,0.20658085314525235,0.015165386053784976,0.01597622095312424
img_01031.jpg,0.13478462323740617,0.031515507091172096,0.0599082847268281,0.003427196290055452,0.4357317976599322,0.21957501633568494,0.014735256690140138,0.10032231796878092
img_01035.jpg,0.10413240942595829,0.033106855621412606,0.11261951617968237,0.010466233008183654,0.46350280950903067,0.14475400934490915,0.12537971140148108,0.006038455509342211
img_01043.jpg,0.3875850764474222,0.13748496026010157,0.0008848391799525363,0.0007485280156889889,0.22542279220251732,0.20551004883559557,0.0014823794035216842,0.04088137565520016
img_01058.jpg,0.23216452503794005,0.06661367202271554,0.000732476794971454,9.329251567265891e-05,0.6865280399992607,0.002125980937483204,0.0002879802346308599,0.011454032457325555
img_01059.jpg,0.0385754265463372,0.008827606769820822,0.0025326941815074695,0.00014273336951662577,0.23210142055594932,0.03784702527477777,0.0004795016976620927,0.6794935916044287
img_01090.jpg,0.04554696266378653,0.004953082027458023,0.04264527245646537,0.00040683726982069536,0.7068639593172115,0.01223200136032602,0.0002537222452416972,0.1870981626596902
img_01102.jpg,0.135714852560112,0.651132573520762,0.0048612662271464,0.014719009547584918,0.12384522048401266,0.0012276162100272941,0.0002051141676978245,0.06829434728265682
img_01103.jpg,0.014077849381860076,0.006086660758399275,0.003213310111081592,0.0002488841545927157,0.29773353664282315,0.0008296538539166215,0.0004653960242818879,0.6773447090730447
img_01116.jpg,0.38479729965656145,0.2070687510578625,0.25124087371754084,0.027775984766598077,0.04035554816996763,0.01536870692772845,0.002839051434290686,0.07055378426945037
img_01134.jpg,0.3685146096797724,0.0573430905547986,0.03060648510708649,0.0026904890422210664,0.02963786028705009,0.08488578331865528,0.042028457043885165,0.3842932249665309
img_01142.jpg,0.2888109702431138,0.028017524462434353,0.0354087180025434,0.004168763512235246,0.18127656419199434,0.06046989856558307,0.01965869825160098,0.38218886277049485
img_01168.jpg,0.00798097935230951,0.025494562687751552,0.007761164157996804,0.005367880887731948,0.04890710718273972,0.8832198128737914,0.0027186080349547483,0.018549884822724405
img_01171.jpg,0.05975911406780579,0.012404567070037746,9.685317675046705e-05,0.0005855563676041676,0.9061719432158167,0.013239905493825156,0.0004108632444721428,0.007331197363687786
img_01177.jpg,0.035007248816245846,0.11121813500840616,0.0033136043008075607,0.0009265952900643225,0.4952403068349691,0.026952738048941965,0.0014630030542477793,0.32587836864631725
img_01179.jpg,0.7047046788676893,0.012380567873829138,0.06277278994106351,0.0030327398617407313,0.1109351291553309,0.029996680332028212,0.0037379149384448073,0.07243949902987346
img_01188.jpg,0.16297083957936442,0.15066060030029035,0.20710446870823376,0.01866496147106766,0.020303712081012212,0.3500841865892101,0.00959519341449027,0.08061603785633122
img_01198.jpg,0.01014497464661532,0.025388641242521413,0.02516091868367604,0.0005805146107593319,0.5181220453852099,0.0018246895395937113,0.00022985433385914455,0.4185483615577652
img_01204.jpg,0.018276804050905853,0.00032833209900963255,0.0001694953738904172,0.0004021007722011071,0.96136318045923,0.013711481092698053,0.00486046465913233,0.0008881414929326578
img_01208.jpg,0.10098305316954649,0.0007417936256032883,0.0005361958143049051,0.00236533176184199,0.8029615238040819,0.02573040487262808,0.03167642585768641,0.03500527109430693
img_01211.jpg,0.4239139255120502,0.5241682092265609,0.0010750868179825355,0.0010263865677511785,0.013273494290176614,0.0003409158210540396,6.913355709331442e-05,0.03613284820733116
img_01213.jpg,0.14023174834274832,0.15858009393871975,0.01508588530509047,0.003623580836204274,0.4126250939873393,0.06310209824428502,0.002198642753762168,0.20455285659185068
img_01222.jpg,0.08349316705971999,0.8902869294253604,0.0001922499869045622,0.0008553812096440467,0.0017238612214573218,0.0029874161604820123,0.0004433255577686065,0.02001766937866311
img_01224.jpg,0.0030188109797725958,0.05365007246008228,0.0012702205361886931,0.0002256346872184812,0.33724187639203623,0.002691909557476285,0.0005841964446170843,0.6013172789426083
img_01237.jpg,0.037972527407802575,0.0005767037613682091,0.0001447673381604044,0.0018630433387513982,0.9358220178874755,0.02040205364577621,0.0018777620683465294,0.0013411245523191487
img_01249.jpg,0.000498068818647464,1.1118444485185672e-05,1.1707299376190657e-05,2.1546810050919957e-05,0.9993633437485835,6.865771268638287e-05,2.0040058921535282e-05,5.517107248839726e-06
img_01253.jpg,0.001594841112455453,0.02043149431413167,0.004153626797829648,0.0002970906891351459,0.0001463691024721214,0.00030371097109232727,0.0012681377769222606,0.9718047292359614
img_01286.jpg,0.4637001782327511,0.28007987942083074,0.0027252186696218794,0.001094829405916003,0.10939116346006143,0.02220685800322185,0.009556598764109888,0.11124527404348712
img_01289.jpg,0.012000741394062495,0.0005411384547464642,0.00041423563401188286,3.503163082751144e-05,0.9002918926379102,0.035502989641082255,8.784431666823655e-05,0.05112612629069097
img_01325.jpg,0.05105389074766015,0.05385574367642803,0.08505683903912035,0.0037743159560493893,0.7365942447651456,0.02817734621702211,0.004363136214105624,0.037124483384468804
img_01328.jpg,0.4680301129023678,0.09709692112283588,0.014632650038716374,0.005464310907632245,0.31004130644955297,0.03022255792406159,0.006201766653005984,0.06831037400182714
img_01366.jpg,0.07634711757203153,0.018140957675126464,0.02045182734441451,0.001041685755691317,0.05284791234814131,0.3985359815639318,0.0011659058859463558,0.43146861185471674
img_01371.jpg,0.40376314228982263,0.4708121860822922,0.00057509220476571,0.00017033171673105056,0.0787238802960952,0.0011006194751399052,0.00014957626538586224,0.04470517166976749
img_01373.jpg,0.03757617317420007,0.003532459317290236,0.009964456596377198,0.0009743687962796872,0.9258680055768926,0.004743173846628044,0.0021012337245292,0.015240128967802935
img_01377.jpg,0.09793647127557935,0.04803018571347516,0.0198848996119097,0.004691857282853422,0.699266794377942,0.09285908546681008,0.0016414961277997652,0.03568921014363047
img_01379.jpg,0.7917354092717114,0.01678836833365281,0.0007082668607657318,0.00029775841883805925,0.029720500064856034,0.07604172261428656,0.001506300937178598,0.08320167349871077
img_01384.jpg,0.020629060326101265,0.01807277072253689,0.0044848396680864915,0.0012914124181612084,0.6685467762251995,0.28347294801373724,0.0009719943380702789,0.0025301982881070694
img_01388.jpg,0.5588027602937035,0.06758441916968637,0.001748447889711059,0.007360123532560709,0.006509278327775555,0.0872695218648096,0.007683371331655799,0.2630420775900975
img_01392.jpg,0.008357645631899124,0.020939174583587048,0.7401040483863234,0.00556716371040257,0.16668902334053093,0.04778556931744981,0.0004719753861180296,0.010085399643689081
img_01399.jpg,0.0068795870377869875,0.06189024728891557,0.00969366005578452,0.0008532560598291321,0.2001897764324801,0.023509479997352985,0.0003349211539679556,0.6966490719738827
img_01404.jpg,0.30169020180808753,0.1006829357112916,0.0021654463070296514,0.00740426542024425,0.43853237832067765,0.0804607562929436,0.014233932209607407,0.05483008393011831
img_01405.jpg,0.7851362603215903,0.031760400394096396,0.009855782016617088,0.016026334366277258,0.11555961485913502,0.017494976879882787,0.0017241652994401905,0.022442465862960923
img_01413.jpg,0.3789358554785196,0.026375417821069433,0.0016878778686434438,0.007705174999896489,0.24297599156619695,0.22489015084915037,0.0628822481033804,0.05454728331314333
img_01426.jpg,0.37005987934759754,0.24203839060369686,0.03395876409914052,0.07113807641852489,0.12402579474987817,0.009770595620312517,0.08744760932318912,0.0615608898376604
img_01431.jpg,0.1644705183777354,0.1732510236758343,0.00989510443115699,0.3625958430283874,0.02436743933559889,0.09773339179533454,0.028895639148188643,0.13879104020776387
img_01441.jpg,0.03165468231304207,0.13234805568968658,0.039005809062542106,0.0010355176864547068,0.007500790513776572,0.012528479845376903,0.0004947074567038166,0.7754319574324172
img_01444.jpg,0.03714508069519937,0.033508461911614405,0.0021363334019681808,0.001745773183754415,0.19233539106573064,0.19274718049948944,0.003605073096087157,0.5367767061461564
img_01490.jpg,0.0030247763698907646,0.21454100181922917,0.040200650817390146,0.003368611008828097,0.2244230034581452,0.07344716249447432,0.0018537135032638988,0.4391410805287784
img_01495.jpg,0.4597115246253015,0.027261852085909064,0.28748355289279326,0.04163999956447216,0.07845478985131073,0.045347031296067,0.010313375569550906,0.04978787411459535
img_01505.jpg,0.00019349414224032027,1.1589525198546241e-06,2.0414064740044245e-06,1.4107079433673175e-05,0.9993201099165528,0.0004087551584246942,5.272595225257423e-05,7.607392102058887e-06
img_01511.jpg,0.1512534901797029,0.304219322348574,0.02990171643686031,0.0024222927220204867,0.2679594771483295,0.009822950790191872,0.004832655507529964,0.22958809486679094
img_01519.jpg,0.18840371677785978,0.6127120601354136,0.012859347213086007,0.007257806075776007,0.018552580293496015,0.07940718620941062,0.002632617533121772,0.0781746857618362
img_01530.jpg,0.11076435171636181,0.02736124577640599,0.002833313949039633,0.0016211995614875822,0.8055707897856289,0.0016977801148887958,0.0006330594570023762,0.04951825963918489
img_01537.jpg,0.1443031263079529,0.1297092336237861,0.01257562854971511,0.0020885614148920596,0.06522676575114286,0.6158790903869372,0.027570357753312905,0.0026472362122608524
img_01538.jpg,0.3700844346203066,0.21937821404914945,0.000461362633331638,0.0013463511994211263,0.03875721798000204,0.18948199782656988,0.006429974558793287,0.17406044713242597
img_01541.jpg,0.12835414438026738,0.07270746079127327,0.004921196577869463,0.0008717560161339053,0.6541988669333787,0.041163983456997115,0.0007759882605589268,0.09700660358352123
img_01543.jpg,0.220911422551129,0.02787164096608186,0.0028634952189134917,0.011967280199000103,0.22498634284107907,0.013493743286324373,0.005382929672098067,0.49252314526537405
img_01548.jpg,0.018916120355104055,0.017368477336786727,0.05752014198629413,0.0006063453442168151,0.5671426203654292,0.0007980288131132096,0.006089123128046535,0.33155914267100933
img_01552.jpg,0.9652078098504224,0.029074782960304777,6.057023174199756e-05,0.0006300317271736795,0.0021572236689761295,0.0009409790595358684,0.0005330454298882994,0.001395557071956804
img_01561.jpg,0.02616603625217036,0.0006913287637437435,0.0013692206242810132,0.0012998162869385166,0.9425431144765971,0.010087075268432008,0.0018236494106065003,0.016019758917230724
img_01562.jpg,0.0017206443550308672,0.0042796571758303,0.0010083605579388473,3.577651837218317e-05,0.06630261076635253,0.07403247747361996,2.1643171111499172e-05,0.8525988299817437
img_01571.jpg,0.04292284126862198,0.9552604718163612,1.3004406150833227e-05,2.929266105934174e-05,0.00011362254396488176,7.326097489979498e-05,6.049509751076157e-05,0.0015270112314312106
img_01593.jpg,0.047074128460287086,0.09713745896208957,0.00017697700061153498,0.00035944758112431495,0.030538469300783265,0.0029919173583152553,0.012400365514638127,0.8093212358221509
img_01595.jpg,0.08168358768874029,0.013909828474360753,0.006723005665143632,0.05958387654046661,0.8268996057916018,0.0020310654925761,0.0060177565067800936,0.003151273840330654
img_01616.jpg,0.6630836359991393,0.09055863793346514,0.0016284977286212476,0.011080091340000361,0.00231748483455287,0.015310957926825068,0.04969253754564012,0.1663281566917559
img_01618.jpg,0.11373848014896853,0.005351889210527985,0.03634179729270151,0.6021323594104796,0.1498661852494637,0.06365444744091177,0.019555459088815813,0.009359382158131018
img_01627.jpg,0.42691609953468657,0.17466307187711047,0.0009778654071111487,0.000501442489733467,0.0025927361554206963,0.32196728606495917,0.0365349969872101,0.0358465014837684
img_01632.jpg,0.0005899040512524915,2.3159302391935127e-05,2.187784729249402e-06,1.6801450147096965e-06,0.9216555902110876,0.07771002941431832,4.565695829991695e-06,1.2883395375742783e-05
img_01633.jpg,0.029825923313372596,0.007178783254615731,0.019640275718963398,0.0004565087469506212,0.2512014607833242,0.501936916587493,0.00011599140455871135,0.18964414019072173
img_01640.jpg,0.9035433935217037,0.07534106545311232,0.0005342169344228041,0.0008913936614734426,0.0049934173746462585,0.0002460240171906008,0.0001079090759170705,0.014342579961533857
img_01646.jpg,0.3164838254951319,0.20186587217630125,0.0015687607054590224,0.002650338751468914,0.006870674006042081,0.46356451567596063,0.0024418400768589418,0.004554173112777254
img_01647.jpg,0.025574921196480936,0.0006094298348046048,0.00015692482136431518,0.0010538480491210573,0.9615573359064394,0.0016183022760708858,0.0018067604025333022,0.007622477513185463
img_01649.jpg,0.012191869508809591,0.00023178786674415785,0.0033417572291575995,0.008479181015184209,0.9739854518761343,0.000406891750560973,0.0005209563274268846,0.0008421044259822827
img_01657.jpg,0.008420232621812044,0.16571679942009174,0.4245190442898957,0.002388673691201294,0.05416540849389468,0.013948517533662283,0.00303858956758671,0.3278027343818556
img_01669.jpg,0.04641595053804284,0.12206055321962081,0.036639930540205985,0.6722364866870804,0.017758662575693755,0.04145262619970378,0.025054338436678453,0.03838145180297397
img_01673.jpg,0.11010905304646477,0.006526063516600096,0.00014088724281298952,0.013910756152163962,0.8614977503632841,0.0025008144219789857,0.0013733746346019635,0.00394130062209313
img_01681.jpg,0.009691907114985085,0.003773049000670563,0.00641118686395293,0.00012103941470690066,0.000527011843971789,0.0010537230002225003,0.001473849891780258,0.97694823286971
img_01684.jpg,0.16505082021822448,0.27944269232846053,0.003319855495947633,0.0030268211161842604,0.020578988801053626,0.11580183036629792,0.04437113790331275,0.36840785377051877
img_01685.jpg,0.12571002513403892,0.05307592201158777,0.0054403263902295445,0.004867032480781136,0.22075911422319408,0.5603175224843577,0.007913590455141483,0.021916466820669285
img_01687.jpg,0.0487045308257281,0.06632272658648329,5.801299414747765e-05,0.00010823076281758888,0.3931732470840262,0.27137525167844784,9.888372662003929e-05,0.22015911634172952
img_01688.jpg,0.05264839804036597,0.004174874826067767,0.0004872452340334533,5.931562029126564e-05,0.7447048534520507,0.012061306825474764,0.00010254741156580599,0.18576145859015025
img_01689.jpg,0.12243782577923878,0.02123228248714822,0.011066359347908582,0.0022799090967247837,0.14418442154632644,0.012133159653154889,0.111361297765002,0.5753047443244963
img_01716.jpg,0.0009043509856370792,2.478403807792651e-05,3.2189927696922346e-05,0.0002505769075308201,0.9986008056142902,8.259820981364016e-06,0.00011572687377767449,6.330583200801927e-05
