image,ALB,BET,DOL,LAG,NoF,OTHER,SHARK,YFT
img_00005.jpg,0.0007689379181612997,4.874117099226892e-08,3.0160906213004994e-07,4.0588595619084487e-07,0.9992039885009353,1.0756060438427527e-05,3.781784556632059e-06,1.1779499718970206e-05
img_00007.jpg,0.6382615015779408,0.004711800689387087,0.006847512825844042,0.00017811491282264882,0.06552757868703464,0.0300589955245226,1.0378788147984605e-05,0.2544041169943002
img_00009.jpg,0.5710837519205252,0.035161101422034616,0.0002607700557380668,0.00016826245521148734,0.03699002944585986,0.3518325068894682,0.0012803763496984655,0.0032232014614640425
img_00018.jpg,0.3034990302934373,0.6584715116976667,0.0018998181146783902,2.6630480588164026e-05,0.003224914346399274,0.02975622245097832,4.972945421670892e-05,0.0030721431620351677
img_00027.jpg,0.08331369490957716,0.004985424977554453,0.00017824651529299405,3.010693760541859e-05,0.0040210005622654905,0.8883120891455378,0.0023623847396717595,0.016797052212495087
img_00030.jpg,0.0013341056209104415,3.1468059833464495e-06,4.032635641833671e-06,0.007580343676240389,0.9896870098695152,0.0013790220838085024,1.0691541666221916e-05,1.6477662342301052e-06
img_00040.jpg,0.0008224143379368917,0.0006555123304830793,1.498479218947498e-07,2.238458034588846e-06,0.015818182263299084,0.00032157601481786976,0.0001313562385322313,0.9822485705089743
img_00046.jpg,3.09161068284998e-05,1.9528986174944916e-07,3.3959057252475093e-06,2.871672741507469e-06,0.9999618244438511,2.281640966973886e-07,2.3113705747279882e-08,5.453031894229166e-07
img_00053.jpg,0.5119574410256023,0.19376264135722868,2.8545663008310293e-05,2.21037455278833e-05,0.0041049971737455,0.0040093698103753975,1.3705252642809066e-05,0.2861011959718692
img_00071.jpg,0.002037516011737536,0.0005734644648353665,2.9147227849384668e-05,0.9934203918555721,1.2621804800964004e-05,0.0038334220293003447,6.393757884607962e-05,2.949902705833753e-05
img_00075.jpg,0.808564341518081,0.001997562590406808,6.170406443442395e-06,6.415181223040764e-05,0.16199480742831557,0.02414507213924727,0.0017093979388067323,0.001518496166468853
img_00102.jpg,0.11939890739629705,0.005903749420191785,1.9142474759793948e-05,2.9466122895627054e-05,0.17847769647283493,0.0012728304960999471,0.01721037563330251,0.6776878319836184
img_00103.jpg,0.5464614100087204,0.0014423050771098288,0.0006231025181459614,0.00029546611816320164,0.05368916336265268,0.3916419779886091,0.0019753513871408916,0.0038712235394578478
img_00109.jpg,0.2298174073779618,7.540916096995887e-05,6.2978131428344915e-06,1.4200405288159381e-05,0.7476104475929135,0.00012171505110775446,0.00016453829003627689,0.02218998430857962
img_00119.jpg,0.025616213288078584,1.9500260538897036e-05,1.689305993471088e-06,3.016431455386987e-08,0.9721121451611253,1.655937941344488e-07,2.5207950633966922e-08,0.0022502310182046085
img_00120.jpg,1.560848670253733e-06,5.559597546554921e-05,2.2076742043795137e-08,3.5863134607599155e-10,1.2789773237342016e-06,4.804886927908264e-08,4.0002087034526e-10,0.9999414933142768
img_00125.jpg,0.7390765708318475,0.0019341817022016112,5.001736576065867e-05,2.8815041469638395e-06,0.0038363521588156654,0.1895093248457176,5.3931760097758635e-06,0.06558527841550008
img_00128.jpg,0.0007627875834005703,0.00454170118018134,0.057568332307999445,2.5496307837577e-05,0.0064691201681457335,0.001153399790570032,1.966488570682493e-06,0.9294771961732945
img_00129.jpg,0.006813270495159898,0.0011298435655946236,2.9867431744049427e-05,1.1966950139751726e-05,0.0070166692687001495,0.9724625725514304,0.0039031733551153414,0.0086326363821157
img_00133.jpg,0.6642637186269957,0.0008174585837656226,0.0004298562121303105,1.9579050691873693e-05,0.3297477615462763,0.002004929825961536,4.431806794506016e-06,0.002712264347384086
img_00138.jpg,0.6606817956403613,0.32701811985165674,8.08463564877812e-06,2.8692972113913515e-07,0.0015370484153188252,0.0013840631445176169,2.8672879018441e-05,0.00934192850375701
img_00141.jpg,0.0001325041723068754,0.0005860474744025377,0.0006775885237404888,1.2365540922691804e-06,2.6054884458721433e-05,7.886392783782408e-06,5.96243176959296e-06,0.9985627195664457
img_00152.jpg,0.007420263685383609,7.067183759171803e-06,6.199785364265782e-07,1.4691656535338041e-05,0.9216558242394627,0.0007891855383575872,0.06410971610262975,0.006002631615335453
img_00161.jpg,2.2443551275646984e-07,1.5360353205544357e-05,3.845252321270802e-06,7.23092285406729e-08,1.303997024348297e-07,2.468848167388447e-07,9.915244759806899e-06,0.999970205120453
img_00164.jpg,0.013806669940037021,0.0019121543087125383,0.31385542206934286,0.0003052757997505816,0.537576899044142,0.0005787619744195096,0.0008633806645341836,0.13110143619906137
img_00170.jpg,0.004949398864388619,0.15339690845017176,0.4095942896964653,0.007498768054606576,0.027060468927038405,0.35123282191780536,0.03962682450299493,0.00664051958652906
img_00171.jpg,0.026343395089517628,0.0015469143088276986,1.5895999420007452e-05,6.999658593743158e-06,0.9027365755496961,0.05705620190289334,2.0262303488255905e-06,0.012291991260702661
img_00172.jpg,1.297376488789903e-07,2.0688325094005017e-10,8.613000242332753e-08,4.334002205542548e-09,0.9999996125320153,1.3106197298922616e-07,4.4254336767761164e-11,3.595322067405875e-08
img_00175.jpg,0.004619427142383877,0.0009275381777141421,2.0597816196755787e-05,5.092509150722068e-07,0.00010096793491138814,0.0011385286734349822,5.218693359120964e-05,0.9931402440708524
img_00180.jpg,0.0030516152948068228,0.00020241116138973797,4.522215391724779e-06,2.1404155464109784e-06,0.9725606859677292,0.00027274336660000734,0.0017703664930035941,0.022135515085532464
img_00196.jpg,0.0001408888939694858,4.2783167852789916e-08,1.3565100386652658e-07,1.2348192563755292e-08,0.999858479082742,1.56978539811025e-07,7.50604992333391e-08,2.0920188526551405e-07
img_00212.jpg,1.2050128925294291e-06,2.8052366523089435e-05,5.8752274840235e-07,5.693220694190041e-09,3.247716288215686e-08,1.6899976702007332e-11,7.281741579475635e-07,0.9999693887363946
img_00223.jpg,0.006190756082846436,3.4608469368199084e-05,0.0027534328816299024,3.797314967471632e-05,0.9562935569070178,0.02726387730910982,0.000387110453598458,0.007038684746754716
img_00230.jpg,0.6193083826044261,0.37389004331642833,2.282856171849503e-05,1.641681364936545e-06,0.0009488112355301242,0.0015085811316089613,1.2741325035771507e-06,0.004318437336419522
img_00232.jpg,0.0003112542683275726,0.00037321625276136143,6.121498266946772e-05,0.00034287545701157027,0.0024365348070001375,0.0003882208883998937,0.9956577075663744,0.00042897577745549197
img_00244.jpg,0.1679464239144239,0.00011086899788560661,0.009111463017875432,0.02333783044947254,0.3970972959493943,0.38649866316686843,0.012822382163128022,0.0030750723409517246
img_00272.jpg,0.5916236135964537,0.2227491514470288,1.4973136087322501e-05,3.186252468864273e-06,0.0001490793146426282,0.00156795533342215,2.8967030600731353e-05,0.1838630738892958
img_00280.jpg,0.004171881836130423,4.760133184280699e-05,1.2763876453086378e-06,2.329913067516686e-08,0.993000894902576,2.474443547595094e-07,6.313557531698271e-09,0.0027780684847627302
img_00282.jpg,0.08879379548209666,0.0009002703407699653,5.030043621692272e-05,6.72968428824104e-07,0.717428457423431,0.011465835965658117,7.338811278616944e-07,0.18135993350227075
img_00285.jpg,0.026485814917386104,0.00023892593638665658,2.536016008521145e-06,1.8109372153182148e-07,0.58281887141816,0.013191899742113192,2.081357580555984e-06,0.37725968951864336
img_00289.jpg,8.357478794535525e-05,3.5701720338553776e-07,4.195305755464032e-08,6.914084479232233e-09,0.999784142865011,7.304660399537119e-10,3.5996066276157923e-09,0.00013187213262555607
img_00292.jpg,0.08619231881160422,0.019248315536729548,3.028661410968377e-05,2.095821493593675e-06,0.061051782039659844,0.0024168150044107215,1.192222376523986e-05,0.8310464639482272
img_00302.jpg,0.00044381635277847666,0.0005149097509841149,4.0176798770081465e-08,3.35172096159989e-07,0.0013449813678568746,5.136509683988015e-05,0.00018352805262222198,0.9974610240300236
img_00311.jpg,0.9910709627503195,0.008765265819147095,3.780231791705665e-07,4.462394224730265e-06,2.7691993175719366e-05,3.993389732030588e-07,2.655959810199995e-08,0.00013081312138268818
img_00320.jpg,0.9942216653521233,0.003383702375643747,1.796108503680937e-06,1.5112559503152383e-05,0.0022648638816335186,1.100742128306891e-06,7.060185441943399e-07,0.00011105296192007324
img_00331.jpg,0.6660322621512497,0.0006328652794671652,0.0013217273067035807,4.634590304725518e-06,0.16397807707031486,0.04308397845427212,0.00019006344376210145,0.1247563917039257
img_00358.jpg,0.011401137560581653,0.1291550503101422,9.570191446962365e-05,1.2562665771246197e-05,0.3107009906321108,0.0003920162790501944,0.00013555592064002817,0.5481069847172342
img_00374.jpg,0.28695083239940955,0.00852127758127671,6.792114518835381e-07,9.774574458252894e-08,3.9914546143832894e-05,0.00017322993476398936,2.1352020055651894e-06,0.7043118333792039
img_00375.jpg,0.6274264550312785,0.20738392564495775,0.0001292698141584268,3.003890253016424e-06,0.0006976600875369143,0.16361606950523386,0.0005045169112230557,0.00023909911535845203
img_00376.jpg,0.00711191648651641,0.008737513726058618,6.769743227113643e-08,8.131601009831219e-07,0.17609647929605063,0.011112950909251015,1.2813847017612117e-05,0.7969274448775725
img_00380.jpg,0.26780466714950274,0.0017634509466566862,2.0354198308778177e-05,0.00016865204429974138,0.43915042815127503,0.2462375349760525,6.362302941090401e-05,0.044791289504493716
img_00383.jpg,0.9963522564339116,0.0008752294796040363,1.929145620626854e-09,3.0799278904292645e-08,0.002753479492353445,8.892153062809011e-08,1.884895006523427e-09,1.8911059280871606e-05
img_00398.jpg,0.8961556774170594,0.016147788347102347,7.482868690375502e-05,0.027317943062614636,0.022725749293172646,0.03308285458373307,0.0009752735383000406,0.0035198850711140733
img_00407.jpg,0.042896151253200406,0.06199474667520893,1.0945144030643463e-05,2.922314763042152e-07,0.00010077429789370755,0.000731956017618688,2.9430990854797076e-06,0.8942621912814859
img_00417.jpg,7.413554442650017e-08,2.7812008559696655e-06,3.533672052522092e-09,8.888462778388957e-12,3.5289078373833325e-10,9.073217725461817e-14,4.770873549194703e-08,0.999997093059322
img_00432.jpg,0.018634935887327893,1.8720869216731402e-05,5.472214314451861e-08,2.565540441957913e-08,0.8457293417575468,0.13537070178386143,2.904305908208939e-06,0.0002433150185913487
img_00442.jpg,0.00016895554824073743,6.392442604861149e-05,1.922887161738054e-08,7.452638053390102e-08,5.520677806712332e-06,3.9115543525919814e-07,0.00039947115601357205,0.9993616432812029
img_00446.jpg,0.7689905830285969,0.02476244250071796,0.0006961372662766393,0.0003378149271362007,0.0007374203106273078,0.1764427244172687,0.0023046905503627635,0.025728186999013577
img_00469.jpg,0.6812862987636533,0.00020068860599995592,0.000326332101413098,0.0011069483278883132,0.0008989162385074415,0.06386853730719116,0.00034485522740338543,0.25196742342794326
img_00473.jpg,0.28352164635410293,0.0012455309415042163,0.00013036548351877042,0.00021655843599705413,0.08296119682575394,0.002858243261132058,2.3563002258352933e-05,0.6290428956957327
img_00483.jpg,0.9416024900914141,0.003494283778248695,7.663739111715773e-07,5.002360381439877e-06,0.05236746359312554,4.481445398813721e-05,6.453857074912471e-06,0.0024787254918560847
img_00484.jpg,0.5287825009684818,0.43423385971944933,0.00014937743546987808,0.0007326864869731526,1.2130403769412149e-05,0.0005473911873162484,0.0008119213578163405,0.03473013244072389
img_00486.jpg,0.8058386505522908,0.08483470339750039,0.0013464654506590047,0.0035622864275111376,0.09565904675087786,0.006690359841712281,0.0007197215417636266,0.0013487660376847812
img_00487.jpg,1.304298917452209e-05,1.9806665208630922e-05,6.79370393847841e-07,2.85313047420392e-09,0.000481227210498856,8.134419321241321e-06,1.1651465365781627e-08,0.999477094840807
img_00493.jpg,0.0030251086111543236,6.361796190540958e-06,7.483522540071739e-06,0.0001203845440035267,0.9947021227962048,0.0021154527335976833,1.2765040248642375e-05,1.0320956060505662e-05
img_00518.jpg,0.4041536172427604,0.00650476957290794,4.931547027230481e-05,3.8032204604370336e-05,0.31942409015562834,0.00022789035083456224,0.07992202736957225,0.1896802576334198
img_00533.jpg,0.08151199931775524,0.016940254789804283,2.552844389681189e-05,2.280978484223115e-05,0.0011104624098974003,0.083338742124018,7.228399175401348e-05,0.8169779191380319
img_00538.jpg,0.046066419353781876,0.0494258561008616,0.024054696806364077,0.004776273143074116,0.0064223122290614785,0.0006289293972775706,0.00011348172762039858,0.8685120312419589
img_00543.jpg,0.963357460136683,0.0363826964757285,9.984261240859806e-07,1.4308964512081832e-05,1.6372441670698074e-05,1.1650435129003665e-07,1.5811452266864296e-07,0.00022788893640767214
img_00550.jpg,0.015020475232433016,0.0018964970535451692,9.113612069980359e-05,2.0345037392440373e-05,0.5742648581101653,0.40455340480041757,0.0010616504352167864,0.003091633210130007
img_00551.jpg,0.07259800516993513,0.00044067626807340276,3.1812670363843686e-05,1.0277394954607232e-05,0.9240485625402097,0.0018544577405516817,6.271102900802382e-05,0.0009534971869037142
img_00564.jpg,1.3365160657295332e-05,4.268321757166034e-07,4.21847716197609e-06,7.891116881826076e-07,0.9999806057148254,3.286660539420824e-08,8.251987776725713e-09,5.53584898291115e-07
img_00575.jpg,0.048521178573312035,0.00108730962640771,4.075152457760708e-05,1.5025763173056563e-06,0.0008620266910663598,0.26320226547532716,1.9250873080579472e-07,0.686284773024261
img_00582.jpg,0.07891986841926138,0.0001729001830693979,0.001714712261425215,0.0003180516022421502,0.9164486821836481,0.0022615729397107358,1.2681803761992802e-05,0.00015153060688122407
img_00584.jpg,0.009426745059991894,5.021354518945163e-07,1.4980893569819862e-09,2.7097293214420866e-09,0.9899885332776677,3.5565008957484e-08,1.3494805719733683e-08,0.0005841662592550124
img_00587.jpg,0.0005070997463875223,0.000791750363555442,5.758226982394711e-06,2.0907557592820506e-06,7.843503996496986e-06,2.7126996351968436e-05,2.541730524106806e-05,0.9986329131017257
img_00590.jpg,0.00019461852345197767,0.0006834331080319472,1.4105537645824216e-09,1.66776608318608e-08,0.002588334765498712,0.00011220300934258154,1.237783872849377e-08,0.9964213801276216
img_00591.jpg,0.0006627367143677185,0.0010426817962901757,5.612251810511455e-07,1.6532299870929188e-06,2.0825600718224617e-06,0.00014797140518062082,4.276791499955323e-06,0.9981380362774215
img_00598.jpg,0.7233155348296488,0.005838256660422222,0.0005759508292206772,0.00036553038631491,0.02624432313666363,0.0033405861546910174,0.000746051736637211,0.2395737662664015
img_00599.jpg,0.010986724268389904,0.00010253110709835723,8.053739927219929e-07,2.9169759523649765e-06,0.6758460566430845,0.02693428776274747,6.552124483629848e-05,0.2860611566238984
img_00612.jpg,0.018867170405789998,0.0004891470539607973,1.760185395632766e-05,5.731416823064644e-07,0.775464131700183,0.17271758445530744,7.059365487004478e-07,0.03244308545257142
img_00618.jpg,0.0840467124502005,9.273932726886681e-05,0.005128580319817112,0.00023014499310864523,0.9067570828892902,0.0012569264195018731,4.388513559971739e-05,0.0024439284652130805
img_00620.jpg,0.1688762491800928,0.010474256493110568,4.272357362516825e-05,1.9197659675668457e-05,0.8193590375698425,0.0008824131758599313,1.5155149051793189e-05,0.0003309671987413967
img_00642.jpg,0.006128514258424138,0.044361278434386,0.0012183117921817945,0.3804957599858678,0.001999161381153075,0.5642997215269997,0.00028465492988808625,0.0012125976910994268
img_00646.jpg,0.004365327906797762,3.651170904022031e-05,9.108055050691683e-06,6.794697772754292e-07,0.001977206000350899,8.210918607364309e-07,0.0025507441509010314,0.9910596016162213
img_00648.jpg,0.9857805797414605,0.014054773316614436,2.2022291157686122e-07,2.0146742947510413e-06,4.898585786630242e-06,8.9738254383375e-08,1.7502409657319717e-08,0.00015740621826814405
img_00650.jpg,0.11918006138823814,0.012946890453641594,3.828677220417249e-05,3.7026156565245768e-06,0.14841528171191315,0.669835066294225,7.28042609900712e-06,0.04957343033802258
img_00654.jpg,0.4082490252368402,0.05267300614763293,1.9927639865033823e-05,0.00019944176759824353,0.4986411413207233,0.0010910748342086482,0.00035621520500802434,0.03877016784812355
img_00664.jpg,0.9539685110820446,0.03739958398636087,2.591338511897414e-08,1.3709226839905373e-07,0.0047417373441711996,2.098417360460929e-05,1.730957222057927e-07,0.0038688473124429365
img_00667.jpg,2.0404407801845847e-05,3.5117097521731553e-10,1.545895196475126e-09,8.886392561735289e-09,0.9999571428868944,1.9569016743772393e-05,2.8447924378737533e-06,2.8112663397916402e-08
img_00676.jpg,0.020556725484002152,8.429211262200059e-05,1.3427252605342536e-07,3.60223742270063e-08,0.9790810993164365,1.4301341685302416e-07,1.6290708467149276e-09,0.00027756814955140957
img_00697.jpg,0.0008055280575327878,0.004267487498363465,9.146995359110673e-05,3.573502893297975e-06,0.08004371898003004,0.0004520353798939164,2.4635292251829865e-06,0.9143337230984703
img_00708.jpg,0.0066354934592509195,0.00025942879626119806,2.0112326257061933e-08,5.053336709705411e-07,0.9650386784392289,0.01785331804293435,1.7354994811384094e-05,0.010195200821516126
img_00716.jpg,0.16557984888812943,0.04037906255416841,2.349885764255412e-05,1.676458195461401e-05,0.055161422383508074,0.22873633290851295,0.002277297307523789,0.5078257725185602
img_00717.jpg,0.5806816856855643,0.3672884428078418,4.4398995810532246e-07,9.006682841671839e-07,5.764881236407693e-06,0.0509584562560795,6.256998622480424e-06,0.001058048712413158
img_00718.jpg,0.12788055368900117,0.09831045189165365,0.003927765644170423,0.05209091618149259,0.0060874708550422265,0.19938424772157798,0.24793926178377662,0.26437933223328525
img_00723.jpg,0.14718742325078987,0.0027688865270127446,9.674188072262324e-06,0.0005418477629309446,0.8471084728335843,0.00017992735754607145,0.00011450550737649515,0.0020892625726872693
img_00724.jpg,0.48090320654651214,0.010372586841507932,0.002774340993575651,0.012402006421497075,0.007826886577085756,0.004357202484406639,0.15711242640104753,0.32425134373436737
img_00726.jpg,0.852090536883108,0.021962634436470275,4.004498942640546e-07,5.8766189217669385e-05,0.10960154756723803,0.008891955773104766,0.00025724162624394376,0.007136917074723076
img_00729.jpg,7.22861240502708e-07,1.0174776319291222e-09,1.5707338815718296e-08,1.727429078700003e-07,0.9999990194598481,2.0202357156144683e-08,4.7227178546388364e-08,7.816513868414801e-10
img_00730.jpg,0.0001342086286095005,5.405097384238675e-05,1.7203392715789334e-07,1.4310375378658236e-09,2.7296826265771057e-06,3.998231108354148e-06,6.956303462182683e-09,0.999804832062545
img_00757.jpg,0.1457790066896298,0.055478486453656974,4.599167176885478e-05,2.622182738361814e-06,0.0026595091010428802,0.006576309281257585,5.9428938227312384e-05,0.7893986456816783
img_00760.jpg,1.064140072512299e-05,1.249995655148018e-05,2.1391028066093693e-06,0.9999208189478791,3.1533234223169627e-06,1.7306490172092647e-05,3.182884283946515e-05,1.6119356038249555e-06
img_00763.jpg,9.7566922269869e-08,4.1005095761125873e-11,4.728583743274237e-13,1.9058204800707663e-08,0.9999998129162515,5.564196838900808e-08,1.4774277428725805e-08,8.977511418061349e-13
img_00764.jpg,0.0002795855355229351,0.007213596941752019,0.018054712232653886,5.5917930932402095e-05,0.0005676633909980995,0.009473958983366842,2.8070242704953117e-05,0.9643264947420689
img_00765.jpg,0.0015668997816980534,0.09474521593267782,0.0021046156629269505,0.0009129907418266412,0.005028822132079283,0.8941283791426664,2.1303058854465827e-06,0.001510946300239463
img_00772.jpg,2.5382743351879334e-06,7.818152760423808e-05,0.9662220794117785,1.8103176442126153e-06,0.010548487069226573,0.003560661011448772,3.525726996343877e-07,0.019585889815262915
img_00773.jpg,0.11146170711045134,0.020465225331888565,0.0015686976218132198,1.8448477469065218e-05,0.7957069529343819,0.018670154374950728,2.413898288368058e-05,0.0520846751661615
img_00777.jpg,0.10084370004264333,0.009202525132423435,0.0018268139104870929,0.0005390269874945017,0.7428391491483173,0.08886727209169462,0.055686934622268605,0.00019457806467114988
img_00780.jpg,0.013521937114554093,7.174508537846126e-06,3.1383807660878943e-06,7.2548823367386255e-06,0.038893446642511736,0.0020682868001987826,0.019095317792205645,0.9264034438788892
img_00798.jpg,0.9421558199758945,0.000508805255860979,0.001223431651304626,0.004474934834938428,0.002550193227551099,0.032778773618150375,0.00018844118487654584,0.01611960025142352
img_00808.jpg,0.9665710316149729,0.03058639633209766,1.384540045205091e-06,1.3296145548070325e-06,9.13252937439542e-06,0.0011600505317610487,4.979438546349327e-06,0.0016656953986475727
img_00816.jpg,7.667665019021218e-07,1.17937869211317e-09,1.1071949114761217e-10,1.4030448459411794e-11,0.9999992063118646,1.4318485213142789e-08,2.6966623607933205e-12,1.1296323138403451e-08
img_00828.jpg,0.030387580645087838,0.001772500363407847,2.5071792892988596e-07,8.436904486729135e-08,0.7294841120874539,0.00019171577301323813,4.0305292007644494e-07,0.23816335299114338
img_00833.jpg,0.0002875394259714324,2.1338763432976217e-05,3.0902407768555887e-09,4.122336855229153e-08,0.9991000319104091,1.993686707029874e-05,2.3330886698098338e-07,0.0005708754106400393
img_00837.jpg,0.16455525194278953,0.004282450612766739,8.502466330260522e-06,0.00012051022855405814,0.0023802435708953837,0.8240511587504589,8.039412792628156e-05,0.004521488300278992
img_00855.jpg,0.03106782496614147,0.0025324518447905177,1.922706076005219e-05,0.033213719881279156,0.0007283489719456258,0.9240302630403969,0.005921546014491741,0.002486618220194336
img_00857.jpg,0.8814532997378037,0.010251765832067935,8.768855941964177e-07,8.0549798527574e-06,0.10805501387615055,8.594376020929544e-05,2.7223468398060294e-07,0.00014477269363756992
img_00858.jpg,0.6320122492866471,0.3530089188251883,9.374464238467269e-06,1.8870948182537193e-05,0.004865837916958962,0.006977810842354208,3.223170996043561e-05,0.0030747060064699647
img_00865.jpg,0.02683806644134949,0.9715630233143574,2.269021415495297e-06,1.250244531502015e-06,2.3196995210953584e-06,4.875526991717059e-05,5.0586207540340646e-05,0.0014937298013675247
img_00876.jpg,0.09094186605692507,0.012835745495975317,4.2737646133072645e-06,2.076665398291075e-07,0.8935358099034315,5.580938489799484e-06,3.895457998861083e-08,0.0026764772194452073
img_00889.jpg,0.000812358228871854,0.0012902467923954226,0.42463058278154053,2.84747109564113e-05,0.033007021652918404,0.0002960040572295155,0.00020344180562185618,0.539731869970466
img_00894.jpg,0.0015199559828173467,3.588109418661388e-05,0.0002888347725973362,6.686396470426039e-07,0.9805602593154287,1.6182901881459304e-05,2.070302716650616e-08,0.01757819659041445
img_00902.jpg,0.00040850732474293644,5.145690559959449e-05,5.182601826877423e-05,0.00012399943395923065,0.02338233990995298,0.0050972186431451905,0.9708609675865629,2.368417776822657e-05
img_00914.jpg,0.00012779178758252894,0.001064574602057083,0.08582953232447184,2.7928738711157993e-05,0.00026349405024687184,0.002110760526702052,8.631202049257913e-05,0.9104896059497358
img_00921.jpg,0.0015166181019404454,6.4990160674236e-05,1.638653172637874e-07,9.537127714522175e-08,0.992715617052145,0.0011609735596629857,1.595665862855874e-07,0.0045413823223967595
img_00927.jpg,0.0004548000864934124,0.0004630606599041456,1.0970693161178457e-06,8.602536690816401e-07,0.007955994094404832,5.955580842431162e-05,1.816872354068363e-07,0.9910644503405528
img_00943.jpg,0.8358190944793129,0.1452814350751204,1.0856032813448475e-08,4.1459880155434125e-07,0.015412798759873367,0.0021205800511638995,2.041014142343052e-05,0.0013452560382714977
img_00948.jpg,0.002152514701920838,7.5345939026226395e-06,6.507391397285919e-07,6.319675955190875e-07,0.9978085458501706,6.2594826890238e-07,9.491644669516733e-09,2.9486707357131008e-05
img_00950.jpg,0.0014136725624797738,1.4215368375484758e-07,3.5310990746764376e-09,4.352501328168117e-08,0.9984088875022489,3.776407488215148e-06,2.4894480021139264e-07,0.00017322537318688845
img_00959.jpg,0.005664900239612677,1.3590754926998848e-06,1.6660797299487327e-06,2.864240331727769e-05,0.9940526973655982,6.009267584455976e-05,0.00013695965806142295,5.368250234322707e-05
img_00962.jpg,0.0014843369134527253,0.10207824188722316,0.0002567920067048302,9.37318282309142e-06,0.8775122487085566,0.0138797234388203,3.2183936545435954e-07,0.004778962023053823
img_00964.jpg,2.2820961865288944e-07,3.516298626581543e-05,0.8357725899452283,0.00025036269180894494,0.16381373176976433,2.012889817280362e-06,0.00012330108166721477,2.610425829503182e-06
img_00966.jpg,0.000773668375637887,2.9063915455988535e-07,4.696415332797742e-10,1.0330699038063068e-07,0.9991776746606441,2.723939543939264e-06,3.186911390233583e-05,1.3669494485424194e-05
img_00974.jpg,0.835239450206374,0.010824434184801777,0.0005259358616481091,7.698147911979763e-05,0.11401652666396857,0.0018917167017859608,8.848239610615159e-05,0.03733647250619561
img_00979.jpg,0.00011319902417293138,0.008218828466782424,0.0031746900303602265,1.4145130365195555e-05,0.0016058528901779243,0.004874420631225495,3.533699944754308e-05,0.9819635268274682
img_00982.jpg,0.7146285745776129,0.23360809925312026,9.471489465368521e-07,8.509206245391858e-08,4.488070923040295e-05,2.6437654652296546e-05,4.5864690983323475e-08,0.05169092969968415
img_00985.jpg,0.6101104567359845,0.04671112962149146,8.885773182490709e-06,1.7364893100634538e-06,0.09308731280223616,0.004917665672048882,1.5627503547957438e-06,0.24516125015539159
img_00999.jpg,0.022495288402848142,0.004318283011252239,2.7252555869792652e-05,7.225174985656508e-06,0.8144482031981645,0.001126593547551393,0.0002841880468763432,0.15729296606245202
img_01022.jpg,0.9165788389088934,0.0076701516726181635,0.0009591604536850801,0.00015573321693043425,0.00962140019399615,0.0635226668567094,0.0007270321032047479,0.0007650165939625943
img_01031.jpg,0.02478093100349228,0.013059601401034059,0.06241226668686779,9.06346759448704e-05,0.7878030131506519,0.033597649691173855,0.0032030029377147543,0.07505290045312048
img_01035.jpg,0.0005000291242472141,5.713070648224638e-06,0.00010191418233837847,4.714156289808568e-06,0.9993596083146145,8.798469843952736e-06,1.6577680379886553e-05,2.6450016381124295e-06
img_01043.jpg,0.6454671252907977,0.003390656969224932,5.27074434073445e-05,3.7609566751096613e-05,0.3424818234200691,0.003533239141275027,5.641806427111822e-06,0.00503119636204771
img_01058.jpg,0.025749671575982198,0.00011968312281195818,9.344900440293411e-08,1.630095864172583e-08,0.9739819782966621,8.994561050115784e-06,4.695172690703725e-08,0.00013951574180372543
img_01059.jpg,0.0005451406865505984,3.381726639288097e-05,9.793663428422099e-05,8.795265777826504e-08,0.8234761911282749,0.0077109970030711265,1.2250897328032967e-07,0.16813570681979548
img_01090.jpg,0.002000825639332331,3.325367963092626e-05,0.000342228596008676,2.3054715259320237e-07,0.9620926183146831,4.3508662470288794e-05,3.981946865647251e-08,0.03548729474125349
img_01102.jpg,0.1364603332111892,0.7911802632196787,0.00013355580021562994,5.8633977965536867e-05,0.0680128261717621,1.1144093468134499e-06,2.883760064839039e-07,0.004152984833835492
img_01103.jpg,0.013735056977346826,0.0019151612803699751,4.214128171081643e-05,4.560073647976848e-07,0.22689463332874604,7.98121575424167e-06,1.1047387108546569e-06,0.7574034651699965
img_01116.jpg,0.8363342177809652,0.0905525264889976,0.036920453267196236,0.002742548798284497,0.009154345862177213,0.0010881843913335611,4.0889333174859644e-05,0.023166834077870884
img_01134.jpg,0.7774047904364055,0.019059581047328286,0.0038400132823703387,3.715696438017591e-05,0.004845958264404844,0.042955124278219334,0.01004329523021022,0.14181408049668126
img_01142.jpg,0.31072724535272034,0.002924229469104209,0.004670596433383924,6.473906830923234e-05,0.12241517617312911,0.013621672751828743,0.001439665036774563,0.5441366757147499
img_01168.jpg,8.128397765309005e-05,0.0008294452653448336,7.686813408422584e-05,3.677039664754638e-05,0.003052365825389135,0.9954747230214726,9.431609873458897e-06,0.0004391117695351853
img_01171.jpg,0.004254912362970285,0.0001738049112636252,7.298899910528715e-09,4.153546349915269e-07,0.9953321305074726,0.00017510030629054368,1.9927763574916093e-07,6.342998083237081e-05
img_01177.jpg,0.004169082130542955,0.0036440553176289338,3.025209577144577e-05,1.6376718076319847e-06,0.8278240733300547,0.002479429315974305,2.2116504752107985e-06,0.16184925848774487
img_01179.jpg,0.9781519798900833,0.00030093312105960865,0.0008657877569029809,5.850917742765007e-06,0.009614314009172172,0.0016057697326439903,2.4628466277191637e-05,0.009430736106117929
img_01188.jpg,0.20420537541244052,0.22719396657873311,0.0941918097656105,0.0031617898626451427,0.0019300996914972909,0.4071477463236452,0.00023770867588003984,0.0619315036895483
img_01198.jpg,0.0005279646390429998,0.00044109341925122053,0.0018316774237956105,7.612195712290472e-07,0.9164749655927293,1.5159486265265175e-05,3.270290255452049e-07,0.0807080511903188
img_01204.jpg,0.00036121745412763496,1.165721830994268e-07,3.1065897948321245e-08,1.7483888349070998e-07,0.9994087612622226,0.00020329978670153437,2.5546052436960595e-05,8.529675467323283e-07
img_01208.jpg,0.015501558726716238,8.364587653106502e-07,4.370440549895598e-07,8.504767631490352e-06,0.9800942665175238,0.0010064022926262585,0.0015252840804812853,0.0018627101122005258
img_01211.jpg,0.4291154893311197,0.5675196042164158,1.359697684562949e-06,1.3515581202583477e-07,0.00042014445675112147,1.661601561472319e-07,3.4846618596746466e-09,0.002943097497398912
img_01213.jpg,0.3904670670910643,0.028926284176199978,0.002782222202330477,0.00026006386717511936,0.17571576678026557,0.02818250940824395,9.40889692569677e-05,0.3735719975054636
img_01222.jpg,0.005991295699269479,0.9927057914058569,1.1455418197124907e-07,2.2628739832127816e-06,8.989237041576417e-06,1.9027708212606103e-05,5.137020226087434e-07,0.0012720048194315775
img_01224.jpg,0.004430448335987439,0.03648984230232734,0.0007649344846693776,6.5890004919060645e-06,0.4718030290432727,0.005533210166992025,1.4256885064817204e-05,0.48095768978119446
img_01237.jpg,0.0014482053335617257,8.191300107227419e-08,2.172445857877017e-08,2.3479752102101094e-06,0.9985395996089568,7.081651639682844e-06,7.278030274152102e-07,1.9339901444457272e-06
img_01249.jpg,2.4838864262484563e-07,1.2377732879306584e-10,1.372355110645495e-10,4.648565993878553e-10,0.9999997457330071,4.719887933080107e-09,4.021157072166757e-10,3.0477257495050976e-11
img_01253.jpg,2.1020292248949222e-07,4.8041268964387407e-05,2.108505495305342e-05,3.281773069872265e-08,1.2288825422922742e-08,1.0386299425472768e-08,1.0039122702717782e-06,0.9999296040680342
img_01286.jpg,0.9655970211613716,0.014428091547390264,1.4499779223116073e-05,2.3747684146879053e-05,0.011879824095870246,0.002043816651176349,0.00019283167531202377,0.0058201674055094865
img_01289.jpg,1.33113093912522e-05,1.549476960822848e-07,1.9707791297523793e-07,1.3221042345807166e-09,0.9988256368635511,0.0007779910750242053,1.7760817998717809e-09,0.00038270562823841344
img_01325.jpg,0.004675183783354845,0.005202415933931445,0.012976556592506613,2.555156416079539e-05,0.9731899679174444,0.0014241022245514207,3.414589783605618e-05,0.0024720760862143175
img_01328.jpg,0.9406152769575983,0.003802659278609135,0.0011115474052939235,9.67082837730478e-05,0.03448567105998935,0.005113780337914113,0.0001615190031924504,0.01461283767362988
img_01366.jpg,0.018717421218215128,0.0008953025198712309,0.0005006192416182424,5.604340303765151e-06,0.014439494876469564,0.0035733286588459407,6.739184978407272e-06,0.9618614899596978
img_01371.jpg,0.7959619075508255,0.05014929585355526,4.639163569768578e-06,7.492991987751909e-07,0.10028815546375669,7.138238488737319e-06,4.044529409547425e-07,0.05358770997766434
img_01373.jpg,0.0003566989963537415,6.6042972557684794e-06,1.8741937368100795e-05,1.1099755964588421e-06,0.9994698821884705,1.6644781830553798e-05,4.053015114783919e-06,0.00012626480801015632
img_01377.jpg,0.0001476015570383746,7.028391528556275e-06,4.009882635957338e-07,4.969756149307276e-07,0.9956627930248694,0.004175398165985407,1.632273521691737e-07,6.117669347634368e-06
img_01379.jpg,0.9597847970849434,0.00015821916246890543,5.471511238175968e-07,1.9153177929622626e-07,0.0020756675030826044,0.017141248588113927,4.868867475566192e-06,0.02083446011101257
img_01384.jpg,0.0008128697939747886,6.37898001852095e-05,1.9330985947028933e-06,2.9288642330420846e-07,0.8500068325624164,0.1491007450476355,7.994158691528851e-07,1.2737394901102646e-05
img_01388.jpg,0.9690098870594669,0.009196794852695818,7.084906738841617e-06,3.301104708778062e-05,5.751238891327446e-05,0.006683910402503019,0.00016505915435929307,0.014846740188235152
img_01392.jpg,0.0008774148996235255,0.043266676533989384,0.3995029158373021,0.003523103613227787,0.5088490570072534,0.03399926896892819,2.319506071799393e-05,0.009958368078957714
img_01399.jpg,0.0024040255369108562,0.16283064191660357,0.00460638808747058,1.558680270624881e-05,0.08809955079831704,0.027901488928335234,2.44184556220313e-06,0.7141398760840943
img_01404.jpg,0.18375037182785497,0.003105063086666084,1.9507154325068158e-05,7.137295686254499e-05,0.8074784635259356,0.003591603523175248,0.00014024256042535424,0.0018433753647552548
img_01405.jpg,0.9882927687619156,0.002481900728041069,3.368423698765847e-05,0.00016727852570556302,0.007076079796702342,0.0007931440913923349,4.266740336346223e-06,0.001150877118919042
img_01413.jpg,0.5759836426517958,0.0030051608387967,3.963779835173098e-05,0.00012856606791526525,0.38792691386538436,0.021612422299341634,0.004811276513695473,0.006492379964719064
img_01426.jpg,0.5989113153760962,0.2562046709282766,0.005043386632763988,0.02213210763868747,0.0672732746469328,0.0004175039557165354,0.03344370393070987,0.01657403689081652
img_01431.jpg,0.06254166860331777,0.055322174880823145,0.0005570195669741088,0.796019397302276,0.0006608790676561109,0.005519876752387242,0.005096543374304591,0.07428244045226103
img_01441.jpg,2.3263301541902976e-05,0.0005079229293313889,0.00014798644979144488,4.7280539572887915e-08,3.3853104601683053e-06,5.978032266328895e-07,9.141153990170889e-08,0.999316705513569
img_01444.jpg,0.004767713592817848,0.0031924628782132895,6.7298399562423395e-06,4.766306519352143e-06,0.1000376588748529,0.026407292405181224,2.65936472244519e-05,0.8655567824552348
img_01490.jpg,0.00020263380292653366,0.0006095011974665431,0.001163814724709536,0.00011111763611086673,0.9931743987745666,0.0025280615173833587,5.1134385268417574e-05,0.00215933796156829
img_01495.jpg,0.8320438108793006,0.0054567911609194435,0.07532437259585002,0.010593894488345489,0.046639627942839115,0.009770729926189646,0.00042674239583656847,0.019744030610719204
img_01505.jpg,3.749093551147959e-08,1.3449988735100225e-12,4.173011782613929e-12,1.992805338230884e-10,0.9999997921543461,1.6730815940708234e-07,2.7838093388180115e-09,5.795117449806868e-11
img_01511.jpg,0.1349522508320068,0.7741658149528923,0.005090812922481132,2.514571303886651e-05,0.027200958913670234,0.0005530312698881661,0.00018659817572625373,0.05782538722029627
img_01519.jpg,0.034959038147981326,0.940225351230294,0.00039737244795691966,0.00011598541686328605,0.00035792528168989785,0.005476401038761612,2.1270648093499756e-05,0.018446655788359405
img_01530.jpg,0.0030515715093407925,6.1601192155457065e-06,1.634178164664731e-07,5.432981504513087e-08,0.9969045261348152,9.575124164503603e-08,1.2471535336723165e-08,3.741626621992958e-05
img_01537.jpg,0.04380550169282768,0.05226612876133998,0.0003570655559790267,1.8209073415070445e-05,0.016733815300675095,0.8844747995584559,0.002318007994596096,2.647206271100871e-05
img_01538.jpg,0.9082887395071003,0.01409188939754891,1.341777825883123e-06,1.4850642931237338e-05,0.0013538812565198825,0.02646695536179706,0.00024183514377033795,0.0495405069125064
img_01541.jpg,0.03574732588013723,0.01147048251609002,5.254908532982617e-05,1.6489733513063422e-06,0.9286313654709064,0.003676703132513307,1.3065741577444791e-06,0.020418618367514137
img_01543.jpg,0.1422217995053279,0.00226388791333068,2.3895865376125346e-05,0.0004173695505790667,0.14751703676652325,0.0005306335632064182,8.444369695534317e-05,0.7069409331387012
img_01548.jpg,0.001156839566257513,0.0009238733293208288,5.655417957632809e-05,1.377478430578972e-07,0.989972204269714,1.9392450014925108e-06,1.2387010504941009e-06,0.0078872129612362
img_01552.jpg,0.9985406830663246,0.001451229867363747,6.879929017189795e-09,2.6571922476535395e-07,3.4888871356342153e-06,8.453266989676705e-07,2.84408816006341e-07,3.1958445071647387e-06
img_01561.jpg,0.0005495840360568335,1.836656124094157e-07,1.1488057676402321e-07,1.2498954511144592e-07,0.9990593126328884,0.00010110505440905677,3.398497529370735e-06,0.00028617624338203053
img_01562.jpg,0.0004946998516956882,0.0006303333013943231,2.2796584702630053e-06,6.76603321517005e-08,0.03649403215893329,0.04662309896457312,1.9127468888841322e-08,0.9157554692771323
img_01571.jpg,0.004125100860184292,0.9958711904832713,2.3753527716382666e-10,1.0699845010286887e-09,2.0737361008055397e-08,6.739253555456613e-09,8.571897770471402e-09,3.6713005122246734e-06
img_01593.jpg,0.004224163951030919,0.018547006330151945,3.163325171504082e-08,1.6935466902514104e-07,0.0018571572546585693,1.771652837584163e-05,6.257025911666701e-05,0.9752911846887453
img_01595.jpg,0.00961033387593033,0.0002786842367120637,6.510222058023435e-05,0.005113595750199741,0.9848598786133108,5.941781814103289e-06,5.216005904539167e-05,1.4303462407298805e-05
img_01616.jpg,0.9522523053754557,0.024306167538282988,8.323558159003752e-06,0.0003566102119912718,1.2661684800308937e-05,0.0005220527587488321,0.004928780972729677,0.017613097899832217
img_01618.jpg,0.31742981008512966,0.0014540284208489718,0.002044708717928918,0.3428597150514632,0.28759004022793083,0.0425341489431242,0.005093741905015509,0.000993806648558757
img_01627.jpg,0.38719447705464427,0.01528021816736531,5.99542661579193e-06,2.5458363119903585e-06,6.0872171083236156e-05,0.5942788855617444,0.0011312999484262268,0.002045705833808852
img_01632.jpg,1.6972261721120846e-07,6.025133156552282e-10,5.531346895252749e-12,1.8182842698852578e-12,0.9946439492859136,0.005355880164565821,1.521256224903038e-11,2.0182790513439696e-10
img_01633.jpg,0.007708711651618669,4.6572774594462994e-05,6.8592103098075e-05,7.23585091474917e-08,0.5290227999821564,0.45716829511595053,1.1813928878285906e-08,0.005984944200143779
img_01640.jpg,0.9928151752658458,0.006902936934671943,3.4706087370035143e-07,9.662944174702102e-07,3.032258086701577e-05,7.360806208256883e-08,1.4160752654770832e-08,0.00025016409450931686
img_01646.jpg,0.44041818857952153,0.0120530259764109,2.580458388535446e-05,4.8106031447286984e-05,0.00014629236045544516,0.5470769771620827,6.58331883867664e-05,0.00016577211781004605
img_01647.jpg,0.0003767451721879495,1.5954001069712209e-07,1.8038444139640358e-08,6.002920169216094e-07,0.9996089651778485,2.7250325271066864e-06,2.4655167708884546e-06,8.321230193796833e-06
img_01649.jpg,1.5563486688552527e-06,6.079224872119523e-10,1.3618938059011994e-07,8.537442698343701e-07,0.9999974473038545,1.4932312063900056e-09,2.431625505777979e-09,1.8810469511190626e-09
img_01657.jpg,0.00025670613706734537,0.22541747488026612,0.5839398151686666,3.13887889850505e-05,0.01212249828066839,0.0008522814554426471,4.71683749310962e-05,0.17733266691397284
img_01669.jpg,0.006832309745184815,0.02415646179201914,0.0022371911202864214,0.957538224234162,0.0002606452774355071,0.0023487897349737576,0.0019779282113271514,0.004648449884611226
img_01673.jpg,0.020486130377707468,5.579968073908033e-05,1.0478973697829854e-08,0.00013890071897613808,0.9792875672850064,1.058511504695165e-05,2.1206913604907894e-06,1.8885652189691812e-05
img_01681.jpg,0.00017612865541585923,1.134887827039045e-05,4.457807109491845e-05,2.476153656500454e-08,4.99328770119405e-07,1.7348082778746633e-06,2.5172325141125302e-06,0.9997631682641202
